Accuracy: 0.9998005186515061
Precision: 0.9998005585318237
Recall: 0.9998005186515061
F1: 0.999796192071528
