Accuracy: 0.9841269841269841
Precision: 0.9844322344322344
Recall: 0.9841269841269841
F1: 0.983858972039639
