Accuracy: 0.9994015559545183
Precision: 0.999401914733922
Recall: 0.9994015559545183
F1: 0.9993588996730156
