Accuracy: 0.9996010373030122
Precision: 0.9996011967923973
Recall: 0.9996010373030122
F1: 0.9995829425152849
