Accuracy: 0.6772861356932154
Precision: [0.67752419 0.52380952]
Recall: [0.99891103 0.00251314]
F1: [0.80741132 0.00500227]
