Accuracy: 0.8679800058806233
Precision: 0.8792864807858941
Recall: 0.8679800058806233
F1: 0.8593392075388484
