Accuracy: 0.7586004116436342
Precision: 0.7538999653537045
Recall: 0.7586004116436342
F1: 0.7556454862348623
