Accuracy: 0.7796312554872695
Precision: 0.8050413840994212
Recall: 0.7796312554872695
F1: 0.7798741804049614
