Accuracy: 0.7832990296971479
Precision: 0.7763973300216527
Recall: 0.7832990296971479
F1: 0.7754774983875303
