Accuracy: 0.7941781828873861
Precision: 0.8007910718972199
Recall: 0.7941781828873861
F1: 0.7739973783617089
