Accuracy: 0.7635989414877977
Precision: 0.7728287443227175
Recall: 0.7635989414877977
F1: 0.731057308197219
