Accuracy: 0.7806527491914143
Precision: 0.7871897189549698
Recall: 0.7806527491914143
F1: 0.7563505924895473
