Accuracy: 0.8088797412525728
Precision: 0.8041491054124382
Recall: 0.8088797412525728
F1: 0.8027232709403866
