Accuracy: 0.7400764481034989
Precision: 0.7345849052196747
Recall: 0.7400764481034989
F1: 0.7063098761461416
