Accuracy: 0.8244073748902546
Precision: 0.8240136383937213
Recall: 0.8244073748902546
F1: 0.8240839739065811
