Accuracy: 0.7621287856512791
Precision: 0.7644396917480097
Recall: 0.7621287856512791
F1: 0.7333981441079965
