Accuracy: 0.7885915907086151
Precision: 0.7889454275341676
Recall: 0.7885915907086151
F1: 0.7708924891249848
