Accuracy: 0.5214585350112939
Precision: 0.5196716100402551
Recall: 0.5214585350112939
F1: 0.5205450471066184
