Accuracy: 0.7597765363128491
Precision: 0.750146529272785
Recall: 0.7597765363128491
F1: 0.7460570203898712
