Accuracy: 0.8435754189944135
Precision: 0.8663326943028496
Recall: 0.8435754189944135
F1: 0.8282380075548991
