Accuracy: 0.950308732725669
Precision: 0.9502159772996362
Recall: 0.950308732725669
F1: 0.9502548257656628
