Accuracy: 0.8935607174360483
Precision: 0.898038028155176
Recall: 0.8935607174360483
F1: 0.8892901870957913
