Accuracy: 0.7818288738606293
Precision: 0.7791295751934137
Recall: 0.7818288738606293
F1: 0.7647759997768131
