Accuracy: 0.9547192002352249
Precision: 0.9545552731663396
Recall: 0.9547192002352249
F1: 0.954563267535431
