Accuracy: 0.8856218759188474
Precision: 0.8944428946659944
Recall: 0.8856218759188474
F1: 0.8794951545135706
