Accuracy: 0.950308732725669
Precision: 0.9501698372347761
Recall: 0.950308732725669
F1: 0.9502183133687414
