Accuracy: 0.9564833872390474
Precision: 0.9563363222175016
Recall: 0.9564833872390474
F1: 0.9563554797146121
