Accuracy: 0.9529550132314025
Precision: 0.9527837288951742
Recall: 0.9529550132314025
F1: 0.9527328161568127
