Accuracy: 0.7419354838709677
Precision: 0.5504682622268471
Recall: 0.7419354838709677
F1: 0.6320191158900836
