Accuracy: 0.850632167009703
Precision: 0.8695309669279246
Recall: 0.850632167009703
F1: 0.8375162232561452
