Accuracy: 0.7556600999705969
Precision: 0.7456074142535237
Recall: 0.7556600999705969
F1: 0.7448356387915227
