Accuracy: 0.6406939135548368
Precision: 0.6277266029210198
Recall: 0.6406939135548368
F1: 0.6329417333164312
