Accuracy: 0.7791825933548956
Precision: 0.7893340896787313
Recall: 0.7791825933548956
F1: 0.752365523565824
