Accuracy: 0.7768303440164658
Precision: 0.7727836123335247
Recall: 0.7768303440164658
F1: 0.7595604275376983
