Accuracy: 0.7891796530432226
Precision: 0.7833117160207688
Recall: 0.7891796530432226
F1: 0.7789706481578905
