Accuracy: 0.7562481623052043
Precision: 0.7464837014350315
Recall: 0.7562481623052043
F1: 0.746325165924278
