Accuracy: 0.7777124375183769
Precision: 0.7845025785361419
Recall: 0.7777124375183769
F1: 0.7522384327161816
