Accuracy: 0.9920983318700615
Precision: 0.9921463393331633
Recall: 0.9920983318700615
F1: 0.992102916436847
