Accuracy: 0.8115260217583063
Precision: 0.8103418160265904
Recall: 0.8115260217583063
F1: 0.8005920519408379
