Accuracy: 0.888268156424581
Precision: 0.8938960677398455
Recall: 0.888268156424581
F1: 0.8832502330674574
