Accuracy: 0.8559734513274336
Precision: [0.90819783 0.75765306]
Recall: [0.87585756 0.81425634]
F1: [0.89173458 0.78493558]
