Accuracy: 0.8138718173836699
Precision: 0.7930887114955214
Recall: 0.8138718173836699
F1: 0.7928198665295133
