Accuracy: 0.029403116730373418
Precision: 0.0008645432734599652
Recall: 0.029403116730373418
F1: 0.0016796981851113061
