Accuracy: 0.7574242869744193
Precision: 0.8250490412566066
Recall: 0.7574242869744193
F1: 0.7621507389551823
