Accuracy: 0.9938542581211589
Precision: 0.99388579245747
Recall: 0.9938542581211589
F1: 0.9938439412948467
