Accuracy: 0.6509850044104675
Precision: 0.5842463959675208
Recall: 0.6509850044104675
F1: 0.5853587298335176
