Accuracy: 0.004410467509556013
Precision: 1.9503836274569633e-05
Recall: 0.004410467509556013
F1: 3.8835933456612974e-05
