Accuracy: 0.7586004116436342
Precision: 0.8152395542606605
Recall: 0.7586004116436342
F1: 0.7614245355919603
