Accuracy: 0.6151132019994119
Precision: 0.4854440049322806
Recall: 0.6151132019994119
F1: 0.5282660668468081
