Accuracy: 0.7594825051455454
Precision: 0.8238127522155868
Recall: 0.7594825051455454
F1: 0.7622641200179933
