Accuracy: 0.688032931490738
Precision: 0.6014147157560554
Recall: 0.688032931490738
F1: 0.616663665685203
