Accuracy: 0.6198177006762717
Precision: 0.504644670464306
Recall: 0.6198177006762717
F1: 0.5305359205265372
