Accuracy: 0.3225806451612903
Precision: 0.11123470522803115
Recall: 0.3225806451612903
F1: 0.1654259718775848
