Accuracy: 0.3225806451612903
Precision: 0.1040582726326743
Recall: 0.3225806451612903
F1: 0.15735641227380015
