Accuracy: 0.8100558659217877
Precision: 0.8524650218379071
Recall: 0.8100558659217877
F1: 0.8001551043513803
