Accuracy: 0.748897383122611
Precision: 0.812922210427521
Recall: 0.748897383122611
F1: 0.7478143845153491
