Accuracy: 0.9388512423362375
Precision: 0.8478263906342236
Recall: 0.7258604363229618
F1: 0.7538094549438821
