Accuracy: 0.36350435624394967
Precision: 0.14844189250849985
Recall: 0.36350435624394967
F1: 0.21080054676610277
