Accuracy: 0.6218759188473978
Precision: 0.4957406824836352
Recall: 0.6218759188473978
F1: 0.5349137990020439
