Accuracy: 0.7142626653759278
Precision: 0.7142626653759278
Recall: 0.7142626653759278
F1: 0.7142626653759278
