Accuracy: 0.6674507497794766
Precision: 0.6086728939039309
Recall: 0.6674507497794766
F1: 0.6083403429594604
