Accuracy: 0.5004410467509556
Precision: 0.3545162646451462
Recall: 0.5004410467509556
F1: 0.3774084611938257
