Accuracy: 0.8156424581005587
Precision: 0.8568637888235742
Recall: 0.8156424581005587
F1: 0.8048537127970972
