Accuracy: 0.9929762949956101
Precision: 0.9930248103872724
Recall: 0.9929762949956101
F1: 0.9929676910022719
