Accuracy: 0.6574536900911496
Precision: 0.5966301230554745
Recall: 0.6574536900911496
F1: 0.6004115040349741
