Accuracy: 0.5810055865921788
Precision: 0.45763411777726376
Recall: 0.5810055865921788
F1: 0.5004974038373452
