Accuracy: 0.1376250403355921
Precision: 0.01061909445142978
Recall: 0.07647480724403802
F1: 0.01864868114690482
