Accuracy: 0.7805743788318813
Precision: 0.3327924091556462
Recall: 0.39412362773357645
F1: 0.3535099877364284
