Accuracy: 0.780946780358718
Precision: 0.806349160778187
Recall: 0.780946780358718
F1: 0.7524836039292921
