Accuracy: 0.5789473684210527
Precision: 0.4782981685686557
Recall: 0.5789473684210527
F1: 0.48757655429870994
