Accuracy: 0.79783801226202
Precision: 0.39564678240445317
Recall: 0.3956549278503375
F1: 0.367159066011769
