Accuracy: 0.6789179653043222
Precision: 0.5316036088062805
Recall: 0.6789179653043222
F1: 0.587240570923591
