Accuracy: 0.12408115260217584
Precision: 0.07453843773600799
Recall: 0.12408115260217584
F1: 0.08494933499564257
