Accuracy: 0.6289326668626875
Precision: 0.5115237855785965
Recall: 0.6289326668626875
F1: 0.5444798684296396
