Accuracy: 0.6495148485739488
Precision: 0.5072101447368886
Recall: 0.6495148485739488
F1: 0.5597015219511555
