Accuracy: 0.6706850926198177
Precision: 0.5247830500110592
Recall: 0.6706850926198177
F1: 0.5790450230385781
