Accuracy: 0.7647628267182962
Precision: 0.7647628267182962
Recall: 0.7647628267182962
F1: 0.7647628267182962
