Accuracy: 0.8315585672797676
Precision: 0.5519924192459031
Recall: 0.47618516242640746
F1: 0.457196971776642
