Accuracy: 0.7841811231990591
Precision: 0.8131728086072233
Recall: 0.7841811231990591
F1: 0.7611729258589923
