Accuracy: 0.641576007056748
Precision: 0.5048538424574883
Recall: 0.641576007056748
F1: 0.5522022842618405
