Accuracy: 0.00935785737334624
Precision: 0.016200500167819393
Recall: 0.00935785737334624
F1: 0.0014426624278040048
