Accuracy: 0.6933254925022052
Precision: 0.6141572098393839
Recall: 0.6933254925022052
F1: 0.6372960086674688
