Accuracy: 0.7556600999705969
Precision: 0.8288176033800705
Recall: 0.7556600999705969
F1: 0.7618344884151312
