Accuracy: 0.5783593060864451
Precision: 0.45853677934640286
Recall: 0.5783593060864451
F1: 0.503449791904744
