Accuracy: 0.819135204904808
Precision: 0.385393477655842
Recall: 0.4043917196517216
F1: 0.3893290464416309
