Accuracy: 0.8256395177888857
Precision: 0.8778593053975488
Recall: 0.8256395177888857
F1: 0.823841128995414
