Accuracy: 0.5924728021170244
Precision: 0.4969694991715997
Recall: 0.5924728021170244
F1: 0.5190063579727541
