Accuracy: 0.06498088797412525
Precision: 0.017442465033054872
Recall: 0.06498088797412525
F1: 0.024957333863006498
