Accuracy: 0.9382058728622136
Precision: 0.8333191678689176
Recall: 0.7207940860920906
F1: 0.7432297212627683
