Accuracy: 0.9378831881252017
Precision: 0.8450853167967289
Recall: 0.718100784768496
F1: 0.7482065587359247
