Accuracy: 0.7486033519553073
Precision: 0.809874547804945
Recall: 0.7486033519553073
F1: 0.7478001931785334
