Accuracy: 0.6630402822699206
Precision: 0.5139057398381421
Recall: 0.6630402822699206
F1: 0.5711313219746462
