Accuracy: 0.8221111437812408
Precision: 0.874893141921763
Recall: 0.8221111437812408
F1: 0.8213854517462181
