Accuracy: 0.8068481123792801
Precision: 0.7951133383201195
Recall: 0.8068481123792801
F1: 0.7871378947425823
