Accuracy: 0.8097618347544839
Precision: 0.8539878117707577
Recall: 0.8097618347544839
F1: 0.7999488139444714
