Accuracy: 0.7600838980316231
Precision: 0.3382507508201921
Recall: 0.33824192115623936
F1: 0.30174473522480366
