Accuracy: 0.8128428525330752
Precision: 0.8229196742031561
Recall: 0.7680025054335413
F1: 0.7825911570233439
