Accuracy: 0.9778960955146822
Precision: 0.9803253858747132
Recall: 0.9721581679387259
F1: 0.9759979003399228
