Accuracy: 0.8817360438851243
Precision: 0.8696842516489968
Recall: 0.884110747697662
F1: 0.8752911445901217
