Accuracy: 0.7691190706679574
Precision: 0.7695020601997347
Recall: 0.7180857451663264
F1: 0.7294620025118903
