Accuracy: 0.6335914811229428
Precision: 0.3167957405614714
Recall: 0.5
F1: 0.38785185185185184
