Accuracy: 0.9014198128428526
Precision: 0.8902373247033442
Recall: 0.9040078863297452
F1: 0.8958197106566161
