Accuracy: 0.979025492094224
Precision: 0.9815094079253867
Recall: 0.9734208082176068
F1: 0.9772265284064957
