Accuracy: 0.9804775734107777
Precision: 0.982415491355778
Recall: 0.975588001502991
F1: 0.9788301525079361
