Accuracy: 0.7371361364304616
Precision: 0.7247069810042328
Recall: 0.7371361364304616
F1: 0.7126473837788253
