Accuracy: 0.8621597892888498
Precision: 0.885278739346553
Recall: 0.8621597892888498
F1: 0.8640141975569321
