Accuracy: 0.6480446927374302
Precision: 0.6372134259843208
Recall: 0.6480446927374302
F1: 0.580315972778992
