Accuracy: 0.7030285210232284
Precision: 0.6746845533727047
Recall: 0.7030285210232284
F1: 0.6625880317547351
