Accuracy: 0.9475637302355598
Precision: 0.8877021148924756
Recall: 0.7285959757931137
F1: 0.7762897835899664
