Accuracy: 0.6809761834754484
Precision: 0.5677825754869955
Recall: 0.6809761834754484
F1: 0.5989407095584435
