Accuracy: 0.703616583357836
Precision: 0.6908549460989631
Recall: 0.703616583357836
F1: 0.666811625759927
