Accuracy: 0.6668626874448692
Precision: 0.6713475281142494
Recall: 0.6668626874448692
F1: 0.6156109301745876
