Accuracy: 0.6759776536312849
Precision: 0.6383716661201877
Recall: 0.6759776536312849
F1: 0.6283764370843536
