Accuracy: 0.738900323434284
Precision: 0.7093341492654054
Recall: 0.738900323434284
F1: 0.6919098340583433
