Accuracy: 0.8171126139370773
Precision: 0.8147523502008984
Recall: 0.8171126139370773
F1: 0.8067480546344707
