Accuracy: 0.8278476928041304
Precision: 0.43707439877797566
Recall: 0.4100863302976556
F1: 0.4131278973828901
