Accuracy: 0.7044986768597471
Precision: 0.6879731653298324
Recall: 0.7044986768597471
F1: 0.6674330149936819
