Accuracy: 0.7159658923845927
Precision: 0.7027657627305788
Recall: 0.7159658923845927
F1: 0.676234761502852
