Accuracy: 0.8218171126139371
Precision: 0.8236479060966694
Recall: 0.8218171126139371
F1: 0.8107877328710088
