Accuracy: 0.9475637302355598
Precision: 0.894670798911816
Recall: 0.7315353387152007
F1: 0.7798287991021889
