Accuracy: 0.830638047633049
Precision: 0.8387098110846936
Recall: 0.830638047633049
F1: 0.8262854122604363
