Accuracy: 0.9032637459570715
Precision: 0.8981779235095345
Recall: 0.9032637459570715
F1: 0.8950331237916725
