Accuracy: 0.5751249632461041
Precision: 0.42700433776393076
Recall: 0.5751249632461041
F1: 0.4596173471868667
