Accuracy: 0.9047339017935901
Precision: 0.8998883401194674
Recall: 0.9047339017935901
F1: 0.8968433370159025
