Accuracy: 0.9938542581211589
Precision: 0.9939074066569337
Recall: 0.9938542581211589
F1: 0.9938606996908789
