Accuracy: 0.8785651279035578
Precision: 0.8614452630288726
Recall: 0.8785651279035578
F1: 0.8616849124851228
