Accuracy: 0.8262275801234931
Precision: 0.8303082754864649
Recall: 0.8262275801234931
F1: 0.8180470117245542
