Accuracy: 0.6924433990002941
Precision: 0.6856431198969386
Recall: 0.6924433990002941
F1: 0.648828221687217
