Accuracy: 0.7203763598941488
Precision: 0.6930041741070341
Recall: 0.7203763598941488
F1: 0.6797509355399283
