Accuracy: 0.8773890032343429
Precision: 0.8620691032269467
Recall: 0.8773890032343429
F1: 0.8577350939248667
