Accuracy: 0.946434333656018
Precision: 0.8967266170009559
Recall: 0.7307695385606657
F1: 0.7774274961016364
