Accuracy: 0.819135204904808
Precision: 0.43685312943671967
Recall: 0.4359068692392582
F1: 0.4239290695699434
