Accuracy: 0.6783299029697147
Precision: 0.5551469882983984
Recall: 0.6783299029697147
F1: 0.5971780396283255
