Accuracy: 0.3870967741935484
Precision: 0.14984391259105098
Recall: 0.3870967741935484
F1: 0.21605401350337583
