Accuracy: 0.6206997941781829
Precision: 0.5317958517231248
Recall: 0.6206997941781829
F1: 0.5422289763729881
