Accuracy: 0.9020876212878565
Precision: 0.8960774947586576
Recall: 0.9020876212878565
F1: 0.8931147149667105
