Accuracy: 0.6671567186121728
Precision: 0.5605411718007629
Recall: 0.6671567186121728
F1: 0.5867712165491169
