Accuracy: 0.8701193933526944
Precision: 0.6625762862728292
Recall: 0.567610289859474
F1: 0.5790629948244722
