Accuracy: 0.8226992061158482
Precision: 0.8221155288460018
Recall: 0.8226992061158482
F1: 0.8122018084437199
