Accuracy: 0.8341664216406939
Precision: 0.8373384540995246
Recall: 0.8341664216406939
F1: 0.8268768441184869
