Accuracy: 0.6104087033225521
Precision: 0.6467970023814346
Recall: 0.6104087033225521
F1: 0.6166639438276903
