Accuracy: 0.6503969420758601
Precision: 0.6206213754903526
Recall: 0.6503969420758601
F1: 0.5944309653589672
