Accuracy: 0.8129938542581212
Precision: 0.8710608110772312
Recall: 0.8129938542581212
F1: 0.8146688661315703
