Accuracy: 0.8956114875766377
Precision: 0.6463157076956588
Recall: 0.5883207726951294
F1: 0.5861370214581089
